# relative_time, cycles_done, cur_item, corpus_count, pending_total, pending_favs, map_size, saved_crashes, saved_hangs, max_depth, execs_per_sec, total_execs, edges_found
60, 0, 64, 72, 61, 0, 0.00%, 10, 0, 5, 673.00, 37419, 55
65, 0, 36, 74, 62, 0, 0.00%, 10, 0, 5, 576.33, 40298, 58
70, 0, 72, 78, 66, 0, 0.00%, 10, 0, 6, 535.25, 42972, 58
75, 0, 72, 83, 71, 0, 0.00%, 10, 0, 6, 514.81, 45517, 61
80, 0, 72, 87, 75, 0, 0.00%, 10, 0, 6, 476.78, 47878, 62
85, 0, 72, 89, 77, 0, 0.00%, 11, 0, 6, 463.91, 50196, 62
90, 0, 72, 90, 78, 0, 0.00%, 11, 0, 6, 444.44, 52394, 62
95, 0, 78, 96, 83, 2, 0.00%, 11, 0, 7, 499.88, 54877, 62
100, 0, 78, 96, 83, 2, 0.00%, 11, 0, 7, 532.74, 57711, 62
106, 0, 78, 98, 85, 2, 0.00%, 11, 0, 7, 505.96, 60305, 62
111, 0, 78, 98, 85, 2, 0.00%, 11, 0, 7, 520.10, 63005, 62
116, 0, 78, 98, 85, 2, 0.00%, 11, 0, 7, 511.82, 65625, 62
121, 0, 95, 103, 88, 1, 0.00%, 11, 0, 8, 500.61, 68059, 62
126, 0, 95, 105, 90, 1, 0.00%, 12, 0, 8, 499.31, 70593, 62
131, 0, 95, 106, 91, 1, 0.00%, 12, 0, 8, 483.42, 73102, 62
136, 0, 95, 107, 92, 1, 0.00%, 12, 0, 8, 495.02, 75683, 62
142, 0, 95, 109, 94, 1, 0.00%, 12, 0, 8, 543.75, 78470, 62
147, 0, 36, 109, 93, 0, 0.00%, 12, 0, 8, 568.97, 81352, 62
152, 0, 36, 109, 93, 0, 0.00%, 12, 0, 8, 542.49, 84179, 62
157, 0, 36, 109, 92, 0, 0.00%, 12, 0, 8, 491.86, 86553, 62
162, 0, 36, 109, 92, 0, 0.00%, 12, 0, 8, 494.14, 89025, 62
167, 0, 64, 109, 92, 0, 0.00%, 12, 0, 8, 499.81, 91596, 62
172, 0, 93, 109, 92, 0, 0.00%, 12, 0, 8, 539.79, 94419, 62
177, 1, 64, 109, 92, 0, 0.00%, 12, 0, 8, 507.51, 96989, 62
182, 1, 64, 109, 92, 0, 0.00%, 12, 0, 8, 496.25, 99553, 62
188, 1, 64, 109, 91, 0, 0.00%, 12, 0, 8, 492.47, 102075, 62
193, 1, 36, 111, 91, 0, 0.00%, 12, 0, 8, 442.72, 104345, 62
198, 1, 64, 111, 91, 0, 0.00%, 12, 0, 8, 415.37, 106463, 62
203, 1, 64, 111, 91, 0, 0.00%, 12, 0, 8, 424.59, 108649, 62
208, 1, 93, 111, 91, 0, 0.00%, 12, 0, 8, 402.17, 110728, 62
213, 1, 36, 111, 91, 0, 0.00%, 12, 0, 8, 460.70, 113092, 62
219, 1, 68, 111, 90, 0, 0.00%, 12, 0, 8, 486.67, 115542, 62
224, 1, 64, 111, 89, 0, 0.00%, 12, 0, 8, 476.98, 118000, 62
229, 1, 68, 111, 88, 0, 0.00%, 12, 0, 8, 490.19, 120593, 62
234, 1, 66, 114, 90, 0, 0.00%, 12, 0, 8, 537.08, 123305, 62
239, 1, 64, 114, 89, 0, 0.00%, 13, 0, 8, 572.84, 126334, 62
244, 1, 64, 114, 89, 0, 0.00%, 13, 0, 8, 584.43, 129346, 62
249, 1, 68, 114, 89, 0, 0.00%, 13, 0, 8, 594.10, 132332, 62
254, 1, 64, 114, 88, 0, 0.00%, 13, 0, 8, 608.67, 135505, 62
260, 1, 12, 114, 88, 0, 0.00%, 13, 0, 8, 603.01, 138577, 62
265, 2, 64, 114, 87, 0, 0.00%, 13, 0, 8, 619.50, 141687, 62
270, 2, 82, 114, 87, 0, 0.00%, 13, 0, 8, 595.19, 144709, 62
275, 2, 64, 115, 88, 0, 0.00%, 13, 0, 8, 597.68, 147814, 62
280, 2, 68, 115, 87, 0, 0.00%, 13, 0, 8, 490.67, 150262, 62
285, 2, 30, 115, 86, 0, 0.00%, 13, 0, 8, 433.97, 152362, 62
290, 2, 82, 115, 84, 0, 0.00%, 13, 0, 8, 544.46, 155259, 62
295, 2, 20, 115, 84, 0, 0.00%, 13, 0, 8, 555.16, 158110, 62
300, 2, 82, 115, 83, 0, 0.00%, 13, 0, 8, 568.33, 161084, 62
305, 2, 61, 115, 83, 0, 0.00%, 13, 0, 8, 557.81, 163955, 62
310, 2, 74, 115, 81, 0, 0.00%, 13, 0, 8, 573.18, 166867, 62
316, 2, 68, 115, 79, 0, 0.00%, 13, 0, 8, 561.13, 169705, 62
321, 2, 82, 115, 78, 0, 0.00%, 13, 0, 8, 501.39, 172212, 62
326, 2, 82, 115, 78, 0, 0.00%, 13, 0, 8, 507.09, 174760, 62
331, 2, 68, 116, 79, 0, 0.00%, 13, 0, 8, 456.12, 177129, 62
336, 2, 93, 116, 79, 0, 0.00%, 13, 0, 8, 408.42, 179137, 62
341, 2, 82, 116, 79, 0, 0.00%, 13, 0, 8, 390.94, 181150, 62
346, 2, 82, 116, 77, 0, 0.00%, 13, 0, 8, 368.92, 183021, 62
351, 3, 64, 116, 77, 0, 0.00%, 13, 0, 8, 372.64, 184951, 62
356, 3, 82, 116, 77, 0, 0.00%, 13, 0, 8, 408.44, 187028, 62
362, 3, 64, 116, 76, 0, 0.00%, 13, 0, 8, 420.02, 189245, 62
367, 3, 82, 116, 76, 0, 0.00%, 13, 0, 8, 406.49, 191370, 62
372, 3, 38, 116, 75, 0, 0.00%, 13, 0, 8, 384.76, 193267, 62
377, 3, 93, 116, 74, 0, 0.00%, 13, 0, 8, 376.00, 195177, 62
382, 3, 64, 116, 74, 0, 0.00%, 13, 0, 8, 379.88, 197077, 62
387, 3, 64, 116, 74, 0, 0.00%, 13, 0, 8, 380.88, 199031, 62
392, 3, 64, 116, 74, 0, 0.00%, 13, 0, 8, 378.40, 200990, 62
397, 3, 68, 116, 74, 0, 0.00%, 13, 0, 8, 410.85, 203081, 62
403, 3, 68, 116, 74, 0, 0.00%, 13, 0, 8, 430.38, 205342, 62
408, 3, 44, 116, 73, 0, 0.00%, 13, 0, 8, 401.14, 207318, 62
413, 3, 64, 116, 73, 0, 0.00%, 13, 0, 8, 413.61, 209413, 62
418, 3, 44, 116, 72, 0, 0.00%, 13, 0, 8, 415.38, 211534, 62
423, 3, 64, 116, 72, 0, 0.00%, 13, 0, 8, 419.90, 213621, 62
428, 3, 64, 116, 72, 0, 0.00%, 13, 0, 8, 426.05, 215765, 62
433, 3, 43, 116, 72, 0, 0.00%, 13, 0, 8, 404.49, 217761, 62
438, 3, 43, 116, 70, 0, 0.00%, 13, 0, 8, 375.16, 219647, 62
443, 3, 103, 116, 70, 0, 0.00%, 13, 0, 8, 377.18, 221559, 62
448, 4, 110, 116, 69, 0, 0.00%, 13, 0, 8, 378.26, 223553, 62
453, 4, 43, 116, 69, 0, 0.00%, 13, 0, 8, 376.08, 225494, 62
459, 4, 93, 116, 69, 0, 0.00%, 13, 0, 8, 378.87, 227388, 62
464, 4, 43, 116, 69, 0, 0.00%, 13, 0, 8, 373.12, 229301, 62
469, 4, 64, 116, 69, 0, 0.00%, 13, 0, 8, 389.97, 231335, 62
474, 4, 43, 116, 69, 0, 0.00%, 13, 0, 8, 371.19, 233235, 62
479, 4, 80, 116, 69, 0, 0.00%, 13, 0, 8, 370.54, 235122, 62
484, 4, 43, 116, 67, 0, 0.00%, 13, 0, 8, 379.51, 237089, 62
489, 4, 64, 116, 67, 0, 0.00%, 13, 0, 8, 385.43, 239111, 62
495, 4, 82, 116, 66, 0, 0.00%, 13, 0, 8, 382.50, 241037, 62
500, 4, 64, 116, 66, 0, 0.00%, 13, 0, 8, 406.77, 243145, 62
505, 4, 93, 116, 66, 0, 0.00%, 13, 0, 8, 409.69, 245282, 62
510, 4, 40, 117, 67, 0, 0.00%, 13, 0, 8, 407.72, 247340, 62
515, 4, 44, 117, 67, 0, 0.00%, 13, 0, 8, 378.81, 249269, 62
520, 4, 64, 117, 67, 0, 0.00%, 13, 0, 8, 362.42, 251073, 62
525, 4, 29, 117, 65, 0, 0.00%, 13, 0, 8, 356.65, 252867, 62
530, 4, 43, 117, 63, 0, 0.00%, 13, 0, 8, 378.59, 254865, 62
536, 4, 116, 117, 63, 0, 0.00%, 13, 0, 8, 395.40, 256912, 62
541, 4, 43, 117, 62, 0, 0.00%, 13, 0, 8, 395.31, 258938, 62
546, 5, 64, 117, 62, 0, 0.00%, 13, 0, 8, 385.01, 260879, 62
551, 5, 43, 117, 62, 0, 0.00%, 13, 0, 8, 369.68, 262731, 62
556, 5, 40, 117, 62, 0, 0.00%, 13, 0, 8, 333.05, 264393, 62
561, 5, 93, 117, 61, 0, 0.00%, 13, 0, 8, 309.71, 265883, 62
566, 5, 43, 117, 60, 0, 0.00%, 13, 0, 8, 341.16, 267691, 62
571, 5, 48, 117, 60, 0, 0.00%, 13, 0, 8, 326.51, 269375, 62
576, 5, 58, 117, 59, 0, 0.00%, 13, 0, 8, 295.65, 270852, 62
581, 5, 40, 117, 58, 0, 0.00%, 13, 0, 8, 301.60, 272420, 62
586, 5, 43, 117, 58, 0, 0.00%, 13, 0, 8, 300.11, 273970, 62
592, 5, 44, 117, 58, 0, 0.00%, 13, 0, 8, 347.91, 275764, 62
597, 5, 64, 117, 58, 0, 0.00%, 13, 0, 8, 350.95, 277663, 62
602, 5, 43, 120, 61, 0, 0.00%, 13, 0, 8, 361.89, 279513, 62
607, 5, 110, 123, 64, 0, 0.00%, 13, 0, 8, 374.80, 281482, 62
612, 5, 43, 123, 64, 0, 0.00%, 13, 0, 8, 375.06, 283372, 62
617, 5, 93, 127, 68, 0, 0.00%, 13, 0, 8, 344.14, 285107, 62
622, 5, 93, 128, 69, 0, 0.00%, 13, 0, 8, 334.67, 286830, 62
627, 5, 93, 130, 71, 0, 0.00%, 13, 0, 8, 334.93, 288458, 62
632, 5, 93, 133, 74, 0, 0.00%, 13, 0, 8, 360.76, 290366, 62
638, 5, 93, 135, 76, 0, 0.00%, 13, 0, 8, 359.16, 292235, 62
643, 5, 93, 137, 78, 0, 0.00%, 13, 0, 8, 363.66, 294062, 62
648, 5, 93, 137, 78, 0, 0.00%, 13, 0, 8, 380.35, 295973, 62
653, 5, 93, 138, 79, 0, 0.00%, 13, 0, 8, 401.22, 298069, 62
658, 5, 64, 139, 80, 0, 0.00%, 13, 0, 8, 393.05, 300130, 62
663, 5, 93, 140, 81, 0, 0.00%, 13, 0, 8, 367.07, 301979, 62
668, 5, 69, 140, 81, 0, 0.00%, 13, 0, 8, 433.58, 304166, 62
673, 5, 64, 141, 81, 0, 0.00%, 13, 0, 8, 451.80, 306527, 62
679, 5, 43, 143, 82, 0, 0.00%, 13, 0, 8, 422.21, 308732, 62
684, 5, 60, 145, 84, 0, 0.00%, 13, 0, 8, 376.30, 310677, 62
689, 5, 43, 145, 82, 0, 0.00%, 13, 0, 8, 355.30, 312408, 62
694, 5, 93, 146, 83, 0, 0.00%, 13, 0, 8, 360.73, 314218, 62
699, 5, 43, 146, 83, 0, 0.00%, 13, 0, 8, 352.19, 315966, 62
704, 5, 64, 146, 83, 0, 0.00%, 13, 0, 8, 355.93, 317743, 62
709, 5, 93, 147, 84, 0, 0.00%, 13, 0, 8, 351.12, 319591, 62
714, 6, 43, 147, 84, 0, 0.00%, 13, 0, 8, 421.82, 321717, 62
719, 6, 93, 147, 84, 0, 0.00%, 13, 0, 8, 426.88, 323955, 62
724, 6, 44, 147, 83, 0, 0.00%, 13, 0, 8, 436.66, 326261, 62
729, 6, 64, 147, 83, 0, 0.00%, 13, 0, 8, 450.27, 328555, 62
735, 6, 110, 149, 85, 0, 0.00%, 13, 0, 8, 444.10, 330851, 62
740, 6, 64, 149, 85, 0, 0.00%, 13, 0, 8, 449.78, 333195, 62
745, 6, 43, 149, 85, 0, 0.00%, 13, 0, 8, 466.95, 335544, 62
750, 6, 121, 149, 85, 0, 0.00%, 13, 0, 8, 461.17, 337815, 62
755, 6, 64, 150, 85, 0, 0.00%, 13, 0, 8, 456.33, 340093, 62
760, 6, 64, 150, 85, 0, 0.00%, 13, 0, 8, 451.61, 342341, 62
765, 6, 44, 150, 85, 0, 0.00%, 13, 0, 8, 448.19, 344646, 62
770, 6, 46, 150, 85, 0, 0.00%, 13, 0, 8, 439.94, 346888, 62
775, 6, 44, 150, 84, 0, 0.00%, 13, 0, 8, 468.37, 349304, 62
780, 6, 43, 150, 84, 0, 0.00%, 13, 0, 8, 481.34, 351842, 62
785, 6, 82, 151, 85, 0, 0.00%, 13, 0, 8, 482.76, 354242, 62
791, 6, 43, 151, 85, 0, 0.00%, 13, 0, 8, 459.06, 356617, 62
796, 6, 93, 152, 85, 0, 0.00%, 13, 0, 8, 431.48, 358814, 62
801, 6, 43, 152, 85, 0, 0.00%, 13, 0, 8, 448.47, 361151, 62
806, 6, 68, 153, 86, 0, 0.00%, 13, 0, 8, 452.05, 363492, 62
811, 6, 151, 153, 86, 0, 0.00%, 13, 0, 8, 471.47, 365964, 62
816, 6, 64, 153, 85, 0, 0.00%, 13, 0, 8, 510.50, 368530, 62
821, 6, 43, 153, 84, 0, 0.00%, 13, 0, 8, 466.86, 370862, 62
826, 7, 64, 154, 85, 0, 0.00%, 13, 0, 8, 455.59, 373208, 62
831, 7, 43, 154, 85, 0, 0.00%, 13, 0, 8, 444.61, 375452, 62
837, 7, 43, 154, 85, 0, 0.00%, 13, 0, 8, 437.04, 377711, 62
842, 7, 64, 154, 84, 0, 0.00%, 13, 0, 8, 428.71, 379913, 62
847, 7, 42, 155, 85, 0, 0.00%, 13, 0, 8, 425.01, 382133, 62
852, 7, 43, 155, 84, 0, 0.00%, 13, 0, 8, 434.67, 384392, 62
857, 7, 81, 155, 84, 0, 0.00%, 13, 0, 8, 428.76, 386623, 62
863, 7, 110, 155, 83, 0, 0.00%, 13, 0, 8, 445.94, 388967, 62
868, 7, 64, 155, 83, 0, 0.00%, 13, 0, 8, 443.06, 391205, 62
873, 7, 64, 155, 83, 0, 0.00%, 13, 0, 8, 556.04, 394221, 62
878, 7, 82, 155, 83, 0, 0.00%, 13, 0, 8, 580.99, 397225, 62
883, 7, 64, 156, 84, 0, 0.00%, 13, 0, 8, 557.36, 400049, 62
888, 7, 110, 156, 83, 0, 0.00%, 13, 0, 8, 586.17, 402978, 62
893, 7, 2, 156, 83, 0, 0.00%, 13, 0, 8, 613.90, 406256, 62
898, 7, 110, 156, 81, 0, 0.00%, 13, 0, 8, 576.86, 409117, 62
903, 7, 110, 156, 81, 0, 0.00%, 13, 0, 8, 536.11, 411771, 62
909, 7, 64, 156, 81, 0, 0.00%, 13, 0, 8, 531.37, 414495, 62
914, 7, 64, 156, 80, 0, 0.00%, 13, 0, 8, 538.11, 417171, 62
919, 7, 98, 156, 80, 0, 0.00%, 13, 0, 8, 477.34, 419720, 62
924, 7, 43, 156, 79, 0, 0.00%, 13, 0, 8, 435.99, 421849, 62
929, 7, 64, 156, 78, 0, 0.00%, 13, 0, 8, 519.67, 424525, 62
934, 8, 43, 157, 79, 0, 0.00%, 13, 0, 8, 554.01, 427345, 62
939, 8, 64, 157, 78, 0, 0.00%, 14, 0, 8, 562.44, 430197, 62
944, 8, 64, 157, 78, 0, 0.00%, 14, 0, 8, 563.02, 433060, 62
949, 8, 64, 157, 78, 0, 0.00%, 14, 0, 8, 571.51, 436010, 62
954, 8, 44, 158, 78, 0, 0.00%, 14, 0, 8, 532.30, 438695, 62
959, 8, 43, 158, 78, 0, 0.00%, 14, 0, 8, 547.36, 441532, 62
965, 8, 40, 158, 78, 0, 0.00%, 14, 0, 8, 553.94, 444461, 62
970, 8, 64, 158, 78, 0, 0.00%, 14, 0, 8, 530.51, 447084, 62
975, 8, 93, 158, 78, 0, 0.00%, 14, 0, 8, 558.06, 449960, 62
980, 8, 36, 158, 78, 0, 0.00%, 14, 0, 8, 489.78, 452476, 62
985, 8, 43, 158, 78, 0, 0.00%, 14, 0, 8, 464.81, 454845, 62
990, 8, 43, 159, 79, 0, 0.00%, 14, 0, 8, 498.71, 457542, 62
995, 8, 82, 159, 79, 0, 0.00%, 14, 0, 8, 556.08, 460420, 62
1000, 8, 43, 160, 80, 0, 0.00%, 14, 0, 8, 562.85, 463233, 62
1005, 8, 44, 160, 80, 0, 0.00%, 14, 0, 8, 578.14, 466217, 62
1010, 8, 110, 160, 80, 0, 0.00%, 14, 0, 8, 582.01, 469165, 62
1016, 8, 64, 161, 81, 0, 0.00%, 14, 0, 8, 562.86, 472075, 62
1021, 8, 93, 161, 81, 0, 0.00%, 14, 0, 8, 552.73, 474918, 62
1026, 8, 43, 161, 81, 0, 0.00%, 14, 0, 8, 514.51, 477497, 62
1031, 8, 82, 161, 81, 0, 0.00%, 14, 0, 8, 445.96, 479620, 62
1036, 8, 64, 161, 80, 0, 0.00%, 14, 0, 8, 413.59, 481748, 62
1041, 9, 142, 161, 80, 0, 0.00%, 14, 0, 8, 409.69, 483894, 62
1046, 9, 110, 161, 79, 0, 0.00%, 14, 0, 8, 422.92, 486061, 62
1051, 9, 43, 161, 79, 0, 0.00%, 14, 0, 8, 442.77, 488394, 62
1057, 9, 43, 161, 79, 0, 0.00%, 14, 0, 8, 450.22, 490690, 62
1062, 9, 68, 161, 79, 0, 0.00%, 14, 0, 8, 463.43, 493051, 62
1067, 9, 43, 162, 80, 0, 0.00%, 14, 0, 8, 448.96, 495386, 62
1072, 9, 43, 162, 80, 0, 0.00%, 14, 0, 8, 443.54, 497728, 62
1077, 9, 43, 162, 80, 0, 0.00%, 14, 0, 8, 426.67, 499956, 62
1082, 9, 43, 162, 80, 0, 0.00%, 14, 0, 8, 423.96, 502172, 62
1087, 9, 93, 162, 80, 0, 0.00%, 14, 0, 8, 422.19, 504299, 62
1092, 9, 110, 162, 80, 0, 0.00%, 14, 0, 8, 430.57, 506422, 62
1098, 9, 64, 162, 80, 0, 0.00%, 14, 0, 8, 426.32, 508619, 62
1103, 9, 64, 162, 80, 0, 0.00%, 14, 0, 8, 460.04, 511012, 62
1108, 9, 124, 162, 80, 0, 0.00%, 14, 0, 8, 428.48, 513146, 62
1113, 9, 64, 162, 79, 0, 0.00%, 14, 0, 8, 452.10, 515462, 62
1118, 9, 43, 162, 79, 0, 0.00%, 14, 0, 8, 435.59, 517706, 62
1123, 9, 93, 162, 79, 0, 0.00%, 14, 0, 8, 471.49, 520160, 62
1128, 9, 47, 162, 78, 0, 0.00%, 14, 0, 8, 423.68, 522218, 62
1133, 9, 43, 162, 77, 0, 0.00%, 14, 0, 8, 438.74, 524503, 62
1139, 9, 64, 162, 77, 0, 0.00%, 14, 0, 8, 451.10, 526859, 62
1144, 9, 43, 162, 77, 0, 0.00%, 14, 0, 8, 452.29, 529192, 62
1149, 9, 43, 162, 77, 0, 0.00%, 14, 0, 8, 438.83, 531473, 62
1154, 9, 49, 162, 77, 0, 0.00%, 14, 0, 8, 427.20, 533731, 62
1159, 9, 64, 162, 76, 0, 0.00%, 14, 0, 8, 416.98, 535859, 62
1164, 9, 2, 162, 76, 0, 0.00%, 14, 0, 8, 440.50, 538071, 62
1169, 10, 64, 162, 76, 0, 0.00%, 14, 0, 8, 495.74, 540529, 62
1174, 10, 57, 162, 76, 0, 0.00%, 14, 0, 8, 543.30, 543417, 62
1179, 10, 64, 163, 75, 0, 0.00%, 14, 0, 8, 530.98, 546080, 62
1184, 10, 110, 165, 77, 0, 0.00%, 14, 0, 8, 564.25, 548945, 62
1189, 10, 43, 165, 77, 0, 0.00%, 14, 0, 8, 577.06, 551821, 62
1195, 10, 64, 165, 76, 0, 0.00%, 14, 0, 8, 571.04, 554804, 62
1200, 10, 43, 165, 76, 0, 0.00%, 14, 0, 8, 578.70, 557786, 62
1205, 10, 93, 165, 76, 0, 0.00%, 14, 0, 8, 574.14, 560777, 62
1210, 10, 64, 165, 76, 0, 0.00%, 14, 0, 8, 584.50, 563786, 62
1215, 10, 43, 165, 75, 0, 0.00%, 14, 0, 8, 510.76, 566388, 62
1221, 10, 64, 165, 75, 0, 0.00%, 14, 0, 8, 474.79, 568937, 62
1226, 10, 64, 165, 75, 0, 0.00%, 14, 0, 8, 479.08, 571299, 62
1231, 10, 82, 165, 73, 0, 0.00%, 14, 0, 8, 536.40, 574104, 62
1236, 10, 64, 165, 73, 0, 0.00%, 14, 0, 8, 627.60, 577382, 62
1241, 10, 68, 165, 73, 0, 0.00%, 14, 0, 8, 653.75, 580795, 62
1246, 10, 43, 165, 73, 0, 0.00%, 14, 0, 8, 603.52, 583886, 62
1252, 10, 82, 165, 73, 0, 0.00%, 14, 0, 8, 570.25, 586862, 62
1257, 10, 64, 165, 73, 0, 0.00%, 14, 0, 8, 468.50, 589104, 62
1262, 10, 82, 165, 73, 0, 0.00%, 14, 0, 8, 445.03, 591358, 62
1267, 10, 157, 165, 73, 0, 0.00%, 14, 0, 8, 414.16, 593440, 62
1272, 10, 157, 165, 73, 0, 0.00%, 14, 0, 8, 310.64, 594858, 62
1277, 10, 64, 165, 72, 0, 0.00%, 14, 0, 8, 347.78, 596751, 62
1282, 11, 64, 165, 72, 0, 0.00%, 14, 0, 8, 355.87, 598606, 62
1287, 11, 43, 165, 72, 0, 0.00%, 14, 0, 8, 358.34, 600480, 62
1293, 11, 36, 165, 72, 0, 0.00%, 14, 0, 8, 355.59, 602310, 62
1298, 11, 43, 165, 72, 0, 0.00%, 14, 0, 8, 348.21, 604087, 62
1303, 11, 93, 165, 72, 0, 0.00%, 14, 0, 8, 342.49, 605851, 62
1308, 11, 36, 165, 72, 0, 0.00%, 14, 0, 8, 354.85, 607638, 62
1313, 11, 43, 165, 72, 0, 0.00%, 14, 0, 8, 359.69, 609485, 62
1318, 11, 43, 165, 72, 0, 0.00%, 14, 0, 8, 361.17, 611309, 62
1323, 11, 43, 165, 71, 0, 0.00%, 14, 0, 8, 335.48, 612977, 62
1328, 11, 43, 165, 71, 0, 0.00%, 14, 0, 8, 335.56, 614719, 62
1333, 11, 44, 165, 71, 0, 0.00%, 14, 0, 8, 343.42, 616457, 62
1338, 11, 36, 165, 71, 0, 0.00%, 14, 0, 8, 348.12, 618256, 62
1343, 11, 43, 165, 71, 0, 0.00%, 14, 0, 8, 367.51, 620112, 62
1349, 11, 40, 165, 71, 0, 0.00%, 14, 0, 8, 375.56, 622042, 62
1354, 11, 64, 165, 71, 0, 0.00%, 14, 0, 8, 348.67, 623779, 62
1359, 11, 64, 165, 71, 0, 0.00%, 14, 0, 8, 337.19, 625440, 62
1364, 11, 64, 165, 71, 0, 0.00%, 14, 0, 8, 329.71, 627119, 62
1369, 11, 64, 165, 71, 0, 0.00%, 14, 0, 8, 337.33, 628878, 62
1374, 11, 64, 165, 71, 0, 0.00%, 14, 0, 8, 349.09, 630638, 62
1379, 11, 43, 165, 71, 0, 0.00%, 14, 0, 8, 345.00, 632395, 62
1384, 11, 110, 165, 71, 0, 0.00%, 14, 0, 8, 343.82, 634166, 62
1390, 11, 43, 165, 71, 0, 0.00%, 14, 0, 8, 377.84, 636110, 62
1395, 11, 43, 165, 71, 0, 0.00%, 14, 0, 8, 375.21, 638046, 62
1400, 11, 93, 165, 71, 0, 0.00%, 14, 0, 8, 374.83, 639997, 62
1405, 11, 64, 165, 71, 0, 0.00%, 14, 0, 8, 338.96, 641709, 62
1410, 11, 64, 165, 71, 0, 0.00%, 14, 0, 8, 464.19, 644038, 62
1415, 11, 82, 165, 71, 0, 0.00%, 14, 0, 8, 545.27, 646971, 62
1420, 12, 82, 165, 71, 0, 0.00%, 14, 0, 8, 565.82, 649813, 62
1425, 12, 64, 165, 71, 0, 0.00%, 14, 0, 8, 579.06, 652717, 62
1431, 12, 84, 165, 71, 0, 0.00%, 14, 0, 8, 582.01, 655761, 62
1436, 12, 64, 165, 69, 0, 0.00%, 14, 0, 8, 559.13, 658435, 62
1441, 12, 93, 165, 69, 0, 0.00%, 14, 0, 8, 575.27, 661365, 62
1446, 12, 93, 165, 69, 0, 0.00%, 14, 0, 8, 569.25, 664212, 62
1451, 12, 93, 165, 69, 0, 0.00%, 14, 0, 8, 592.70, 667287, 62
1456, 12, 110, 165, 69, 0, 0.00%, 14, 0, 8, 590.20, 670262, 62
1461, 12, 43, 165, 68, 0, 0.00%, 14, 0, 8, 406.50, 672182, 62
1466, 12, 82, 165, 68, 0, 0.00%, 14, 0, 8, 414.16, 674118, 62
1471, 12, 64, 165, 68, 0, 0.00%, 14, 0, 8, 526.71, 677009, 62
1476, 12, 64, 165, 67, 0, 0.00%, 14, 0, 8, 535.98, 679738, 62
1481, 12, 64, 165, 67, 0, 0.00%, 14, 0, 8, 562.84, 682572, 62
1486, 12, 93, 166, 68, 0, 0.00%, 14, 0, 8, 554.62, 685372, 62
1491, 12, 64, 166, 67, 0, 0.00%, 14, 0, 8, 580.78, 688245, 62
1496, 12, 43, 166, 67, 0, 0.00%, 14, 0, 8, 609.51, 691347, 62
1501, 12, 82, 166, 67, 0, 0.00%, 15, 0, 8, 614.79, 694556, 62
1507, 12, 64, 166, 67, 0, 0.00%, 15, 0, 8, 606.09, 697736, 62
1512, 12, 36, 167, 68, 0, 0.00%, 15, 0, 8, 597.45, 700743, 62
1517, 12, 43, 167, 68, 0, 0.00%, 15, 0, 8, 577.19, 703564, 62
1522, 12, 93, 167, 68, 0, 0.00%, 15, 0, 8, 387.91, 705295, 62
1527, 13, 64, 167, 68, 0, 0.00%, 15, 0, 8, 451.20, 707449, 62
1532, 13, 110, 167, 68, 0, 0.00%, 15, 0, 8, 549.55, 710303, 62
1537, 13, 93, 167, 68, 0, 0.00%, 15, 0, 8, 552.11, 713082, 62
1542, 13, 64, 167, 68, 0, 0.00%, 15, 0, 8, 557.51, 715911, 62
1547, 13, 64, 167, 68, 0, 0.00%, 15, 0, 8, 572.07, 718800, 62
1552, 13, 43, 167, 68, 0, 0.00%, 15, 0, 8, 566.02, 721403, 62
