# unix_time, cycles_done, cur_path, paths_total, pending_total, pending_favs, map_size, unique_crashes, unique_hangs, max_depth, execs_per_sec
1705564943, 0, 0, 2, 2, 2, 1.17%, 0, 0, 1, 2000.00
1705564948, 0, 0, 48, 48, 2, 1.57%, 0, 0, 2, 3401.97
1705564958, 0, 2, 51, 49, 40, 1.59%, 0, 0, 2, 3711.93
1705564963, 0, 9, 51, 44, 35, 1.59%, 0, 0, 2, 3829.53
1705564968, 0, 13, 51, 41, 32, 1.59%, 0, 0, 2, 3403.77
1705564973, 0, 15, 51, 39, 30, 1.59%, 0, 0, 2, 3161.96
1705564978, 0, 18, 51, 38, 29, 1.59%, 0, 0, 2, 3096.86
1705564984, 0, 20, 53, 39, 28, 1.59%, 0, 0, 3, 3181.51
1705564989, 0, 21, 53, 38, 27, 1.59%, 0, 0, 3, 2948.99
