# unix_time, cycles_done, cur_path, paths_total, pending_total, pending_favs, map_size, unique_crashes, unique_hangs, max_depth, execs_per_sec
1705563325, 0, 0, 29, 29, 21, 6.62%, 0, 0, 1, 411.35
1705563330, 0, 0, 91, 91, 21, 6.88%, 0, 0, 2, 987.05
1705563336, 0, 0, 95, 95, 21, 6.88%, 0, 0, 2, 1084.64
1705563341, 0, 0, 96, 96, 21, 6.88%, 0, 0, 2, 1009.99
1705563346, 0, 0, 102, 102, 21, 6.88%, 0, 0, 2, 1034.91
1705563356, 0, 0, 103, 103, 21, 6.88%, 0, 0, 2, 1053.10
1705563361, 0, 0, 161, 161, 21, 6.97%, 0, 0, 2, 981.65
1705563386, 0, 0, 162, 162, 21, 6.97%, 0, 0, 2, 1073.82
1705563391, 0, 0, 175, 175, 21, 7.01%, 0, 0, 2, 1038.44
1705563421, 0, 0, 177, 177, 21, 7.02%, 0, 0, 2, 1064.93
1705563426, 0, 0, 179, 179, 21, 7.02%, 0, 0, 2, 1075.38
1705563431, 0, 0, 186, 186, 21, 7.02%, 0, 0, 2, 1066.66
1705563437, 0, 0, 205, 205, 21, 7.06%, 0, 0, 2, 1094.91
1705563655, 0, 0, 206, 206, 21, 7.06%, 0, 0, 2, 1105.61
1705563660, 0, 0, 223, 223, 21, 7.07%, 0, 0, 2, 1038.94
1705563686, 0, 0, 256, 256, 21, 7.14%, 0, 0, 2, 1015.93
1705563691, 0, 0, 270, 270, 21, 7.14%, 0, 0, 2, 1019.62
1705563696, 0, 0, 271, 271, 21, 7.14%, 0, 0, 2, 997.25
1705563701, 0, 0, 273, 273, 21, 7.14%, 0, 0, 2, 1009.51
1705563711, 0, 0, 274, 274, 21, 7.14%, 0, 0, 2, 1013.20
1705563716, 0, 0, 277, 277, 21, 7.14%, 0, 0, 2, 1010.91
1705563741, 0, 0, 279, 279, 21, 7.14%, 0, 0, 2, 1068.06
1705563786, 0, 0, 285, 285, 21, 7.14%, 0, 0, 2, 1074.18
1705563792, 0, 0, 289, 289, 21, 7.14%, 0, 0, 2, 1075.34
1705563797, 0, 0, 317, 317, 21, 7.35%, 0, 0, 2, 1398.61
1705563827, 0, 0, 319, 319, 21, 7.35%, 0, 0, 2, 1401.61
